/root/data/preds/2021/fire_25410845  (zone = P > 0.4 on pixels not burning today)
day      today      ->for burn_today new_px  AUC-PR overlap zone_px zone_prec dir_err outside  (outside = share of new fire beyond yesterday's perimeter; * = >=50%, directional not infill)
  0 2021-08-07 2021-08-08          0      4   0.006    0.00       0       nan     nan    1.00  
  1 2021-08-08 2021-08-09          4      0     nan     nan       0       nan     nan     nan  
  2 2021-08-09 2021-08-10          0      4   0.000    0.00       0       nan     nan    1.00  
  3 2021-08-10 2021-08-11          4     10   0.005    0.00       2      0.00      30    1.00  
  4 2021-08-11 2021-08-12         12     15   0.001    0.00     170      0.00      35    1.00  
  5 2021-08-12 2021-08-13         16      9   0.224    0.56      18      0.28      19    1.00  
  6 2021-08-13 2021-08-14         18      8   0.281    0.38      60      0.05     147    1.00  
  7 2021-08-14 2021-08-15         23      1   0.023    1.00     363      0.00      50    0.00  
  8 2021-08-15 2021-08-16         14    171   0.002    0.00      92      0.00      46    1.00 *
  9 2021-08-16 2021-08-17        171    139   0.553    0.26      55      0.65     138    0.67 *
 10 2021-08-17 2021-08-18        243     51   0.308    0.45      63      0.37      64    0.41  
 11 2021-08-18 2021-08-19        154     63   0.649    0.71      82      0.55      15    0.41  
 12 2021-08-19 2021-08-20        148     34   0.439    0.82     129      0.22      83    0.09  
 13 2021-08-20 2021-08-21        136      0     nan     nan       0       nan     nan     nan  
 14 2021-08-21 2021-08-22          0     69   0.004    0.00       0       nan     nan    1.00 *
 15 2021-08-22 2021-08-23         69     17   0.202    0.59      50      0.20     121    0.29  
 16 2021-08-23 2021-08-24         60      1   0.250    1.00      23      0.04      31    0.00  
 17 2021-08-24 2021-08-25         12     14   0.088    0.14       8      0.25     148    1.00  
 18 2021-08-25 2021-08-26         19      0     nan     nan       4      0.00     nan     nan  
 19 2021-08-26 2021-08-27          0     28   0.000    0.00       0       nan     nan    1.00  
 20 2021-08-27 2021-08-28         28     49   0.361    0.08       8      0.50      70    1.00 *
 21 2021-08-28 2021-08-29         69    141   0.275    0.19      70      0.39      59    0.84 *
 22 2021-08-29 2021-08-30        199     35   0.188    0.77     137      0.20      14    0.23  
 23 2021-08-30 2021-08-31        136     62   0.474    0.47      59      0.49     151    0.39  
 24 2021-08-31 2021-09-01        139     45   0.167    0.13      34      0.18     161    0.62 *
 25 2021-09-01 2021-09-02        134     22   0.262    0.59      63      0.21      16    0.32  
 26 2021-09-02 2021-09-03        120     40   0.503    0.68      61      0.44      28    0.25  
 27 2021-09-03 2021-09-04        122     36   0.580    0.58      40      0.53      64    0.22  
 28 2021-09-04 2021-09-05        136    135   0.506    0.26      47      0.74     136    0.63 *
 29 2021-09-05 2021-09-06        256     40   0.319    0.38      43      0.35      13    0.47  
 30 2021-09-06 2021-09-07        189     72   0.625    0.72     103      0.50       4    0.25  
 31 2021-09-07 2021-09-08        208     57   0.400    0.89     165      0.31      68    0.16  
 32 2021-09-08 2021-09-09        194     26   0.310    0.73     126      0.15      40    0.15  
 33 2021-09-09 2021-09-10        136      8   0.091    0.00      12      0.00      27    0.00  
 34 2021-09-10 2021-09-11         49     15   0.010    0.00       0       nan     138    1.00  
 35 2021-09-11 2021-09-12         21     37   0.017    0.00       1      0.00     145    1.00 *
 36 2021-09-12 2021-09-13         41     26   0.125    0.15      32      0.12      38    0.92  
 37 2021-09-13 2021-09-14         56     26   0.326    0.23      17      0.35     175    0.46  
 38 2021-09-14 2021-09-15         63     27   0.295    0.26      23      0.30     153    0.44  
 39 2021-09-15 2021-09-16         58     19   0.372    0.47      23      0.39      68    0.42  
BEST (n_new>=30, by overlap+AUC-PR): day 11 today=2021-08-18 new_px=63 auc_pr=0.649 overlap=0.71 outside=0.41
BEST DIRECTIONAL (n_new>=30, outside>=50%): day 9 today=2021-08-16 new_px=139 auc_pr=0.553 overlap=0.26 outside=0.67 dir_err=138
